current_kg_ndcg=0.646782
bgegemma_ndcg=0.600791
best_beta=0.55
best_hybrid_ndcg=0.669960
improvement_vs_current=+0.023179
improvement_vs_bge=+0.069169
n_betas=21
used_dim=512
explained_variance=0.772856